-2014 1
-2004 1
-2001 2
-1995 1
-1994 1
-1989 1
-1984 1
-1983 2
-1981 2
-1979 2
-1976 1
-1973 1
-1970 1
-1967 1
-1965 1
-1964 1
-1961 2
-1958 1
-1957 1
-1955 1
-1953 1
-1951 1
-1950 1
-1948 3
-1947 1
-1946 1
-1945 1
-1944 3
-1943 2
-1942 1
-1941 1
-1938 1
-1936 1
-1934 1
-1931 1
-1930 2
-1929 1
-1928 4
-1927 1
-1923 1
-1922 1
-1920 2
-1914 1
-1912 1
-1911 2
-1909 2
-1908 1
-1904 1
-1903 1
-1901 1
-1899 1
-1897 1
-1895 1
-1894 2
-1892 1
-1891 3
-1889 1
-1886 1
-1885 1
-1882 1
-1881 1
-1880 1
-1879 1
-1878 1
-1877 1
-1873 1
-1872 1
-1870 1
-1869 2
-1867 2
-1865 1
-1863 2
-1862 1
-1860 1
-1859 1
-1855 1
-1850 1
-1845 2
-1843 2
-1838 1
-1836 1
-1834 1
-1833 1
-1832 1
-1831 3
-1828 1
-1825 1
-1823 1
-1821 1
-1819 1
-1818 1
-1817 2
-1816 1
-1813 1
-1807 1
-1800 3
-1797 1
-1796 1
-1794 2
-1791 1
-1790 1
-1789 2
-1788 1
-1785 2
-1784 2
-1781 1
-1780 4
-1779 1
-1778 1
-1777 2
-1776 1
-1775 2
-1774 1
-1773 1
-1772 2
-1771 1
-1770 1
-1767 1
-1766 2
-1762 4
-1757 1
-1755 1
-1753 2
-1751 1
-1750 2
-1749 1
-1748 2
-1746 1
-1745 2
-1742 1
-1740 1
-1738 1
-1734 3
-1732 1
-1731 1
-1730 1
-1729 1
-1726 1
-1725 1
-1721 1
-1715 1
-1714 1
-1713 1
-1712 1
-1711 2
-1708 2
-1707 1
-1706 2
-1705 1
-1704 1
-1703 3
-1698 1
-1696 1
-1695 2
-1694 2
-1690 3
-1689 2
-1688 1
-1687 1
-1684 2
-1683 2
-1682 1
-1681 2
-1680 1
-1679 1
-1678 1
-1677 1
-1676 2
-1675 1
-1674 1
-1670 3
-1669 1
-1668 1
-1666 3
-1665 2
-1664 1
-1663 1
-1662 1
-1661 1
-1658 2
-1657 1
-1655 2
-1654 1
-1653 2
-1652 2
-1651 1
-1648 2
-1645 1
-1643 1
-1639 1
-1636 1
-1635 2
-1634 1
-1632 1
-1631 1
-1630 1
-1625 1
-1623 1
-1622 1
-1620 1
-1617 4
-1614 2
-1611 1
-1609 1
-1607 1
-1605 2
-1604 1
-1601 1
-1598 1
-1596 1
-1594 2
-1593 2
-1591 1
-1588 1
-1587 1
-1586 1
-1584 1
-1582 2
-1581 1
-1579 2
-1578 2
-1577 1
-1574 1
-1573 1
-1572 1
-1571 1
-1570 2
-1569 1
-1565 4
-1564 1
-1563 1
-1561 4
-1559 1
-1557 1
-1556 1
-1552 1
-1551 2
-1548 1
-1547 1
-1545 1
-1544 1
-1543 1
-1541 1
-1540 4
-1538 1
-1536 1
-1533 2
-1532 1
-1531 1
-1530 2
-1525 2
-1523 1
-1522 1
-1521 2
-1517 1
-1516 1
-1513 3
-1511 1
-1509 2
-1508 2
-1507 3
-1506 2
-1505 1
-1503 1
-1502 1
-1501 3
-1500 1
-1498 1
-1496 1
-1489 1
-1487 3
-1486 3
-1485 1
-1483 1
-1482 3
-1480 2
-1479 1
-1477 1
-1476 2
-1473 1
-1472 2
-1470 2
-1469 2
-1467 2
-1466 2
-1465 1
-1464 1
-1463 1
-1462 2
-1461 1
-1459 1
-1454 2
-1450 1
-1449 3
-1446 1
-1445 1
-1444 1
-1443 3
-1441 2
-1440 1
-1438 1
-1437 1
-1436 1
-1435 1
-1433 2
-1429 2
-1427 1
-1426 1
-1425 2
-1424 1
-1421 1
-1420 2
-1419 1
-1418 1
-1417 1
-1416 1
-1412 1
-1411 1
-1410 1
-1407 1
-1405 2
-1403 1
-1402 1
-1397 3
-1396 1
-1392 1
-1390 1
-1388 1
-1386 1
-1385 3
-1384 1
-1383 1
-1382 3
-1381 1
-1380 3
-1377 1
-1376 2
-1374 1
-1372 3
-1371 1
-1370 1
-1369 3
-1365 1
-1364 1
-1361 4
-1357 2
-1356 1
-1355 2
-1354 2
-1349 3
-1346 1
-1345 2
-1344 3
-1343 3
-1339 1
-1335 1
-1334 1
-1332 2
-1330 3
-1329 1
-1328 1
-1326 1
-1325 1
-1324 1
-1323 1
-1322 1
-1321 2
-1320 1
-1314 3
-1309 1
-1306 1
-1305 2
-1304 1
-1303 1
-1302 4
-1299 2
-1298 1
-1297 2
-1295 1
-1294 2
-1293 2
-1291 2
-1288 3
-1287 1
-1286 2
-1285 1
-1284 1
-1283 2
-1282 1
-1281 1
-1280 1
-1276 1
-1275 1
-1274 1
-1273 1
-1272 1
-1271 1
-1269 1
-1268 2
-1267 3
-1266 1
-1264 2
-1263 1
-1261 1
-1260 1
-1259 1
-1257 1
-1256 1
-1255 2
-1252 2
-1251 2
-1250 1
-1247 1
-1246 1
-1245 1
-1244 1
-1243 1
-1242 1
-1240 1
-1237 1
-1234 2
-1233 1
-1232 1
-1231 1
-1229 1
-1227 1
-1225 1
-1224 4
-1221 2
-1219 1
-1217 1
-1216 2
-1215 1
-1214 1
-1213 2
-1212 1
-1210 1
-1208 4
-1207 1
-1205 1
-1204 2
-1201 2
-1199 1
-1196 1
-1195 1
-1192 3
-1191 2
-1190 1
-1189 3
-1187 2
-1185 1
-1184 1
-1179 1
-1178 2
-1177 1
-1176 3
-1175 2
-1174 1
-1173 1
-1171 2
-1166 2
-1164 1
-1162 1
-1161 1
-1160 1
-1159 1
-1158 1
-1157 1
-1156 1
-1155 1
-1153 1
-1151 3
-1147 1
-1146 1
-1144 2
-1139 2
-1135 2
-1134 1
-1128 1
-1127 1
-1126 1
-1125 1
-1122 1
-1121 1
-1119 1
-1118 1
-1114 3
-1113 1
-1111 1
-1110 1
-1108 1
-1107 1
-1104 1
-1103 2
-1102 1
-1098 1
-1095 2
-1093 1
-1091 1
-1090 2
-1086 2
-1085 2
-1084 3
-1083 1
-1082 1
-1080 1
-1075 1
-1074 1
-1069 2
-1068 1
-1067 1
-1065 1
-1062 1
-1059 1
-1056 1
-1054 2
-1053 1
-1052 1
-1051 3
-1049 1
-1047 1
-1046 3
-1045 2
-1044 1
-1042 1
-1040 1
-1039 2
-1037 1
-1034 1
-1033 2
-1032 1
-1030 1
-1029 1
-1027 1
-1026 2
-1022 1
-1021 1
-1020 3
-1018 1
-1016 2
-1015 1
-1014 2
-1012 1
-1010 1
-1006 1
-1004 1
-1003 1
-1002 1
-1001 2
-1000 2
-999 1
-998 1
-997 1
-996 1
-993 1
-991 1
-983 1
-981 2
-978 1
-975 1
-974 1
-973 1
-971 2
-970 2
-969 2
-968 1
-964 2
-962 2
-961 3
-960 2
-959 2
-954 2
-952 1
-950 1
-948 2
-946 1
-943 1
-941 1
-940 1
-939 1
-938 2
-937 2
-935 1
-933 1
-930 1
-929 1
-928 2
-926 1
-925 1
-924 1
-916 1
-913 1
-912 3
-909 1
-908 1
-903 1
-901 1
-900 1
-896 2
-894 1
-893 1
-887 1
-886 1
-885 1
-882 2
-881 1
-880 1
-879 3
-876 1
-875 2
-874 1
-873 1
-870 2
-868 2
-866 1
-865 1
-864 1
-862 1
-861 2
-860 1
-859 1
-858 2
-857 1
-854 1
-853 1
-852 1
-851 1
-850 3
-845 1
-844 2
-842 1
-841 1
-839 1
-838 1
-836 1
-835 1
-832 1
-829 2
-826 1
-824 1
-822 1
-821 2
-818 2
-817 1
-816 2
-815 2
-809 1
-807 1
-806 1
-804 1
-802 1
-801 2
-799 3
-798 1
-796 1
-793 1
-792 2
-789 1
-788 2
-785 1
-784 1
-782 2
-781 1
-779 1
-778 1
-774 1
-772 2
-770 2
-769 1
-768 1
-767 2
-766 1
-765 1
-764 2
-763 1
-762 1
-761 1
-760 2
-755 1
-754 2
-752 2
-748 1
-747 2
-746 1
-743 3
-742 2
-741 1
-732 2
-730 1
-729 1
-727 1
-724 1
-719 2
-716 1
-714 1
-713 1
-712 1
-711 1
-709 1
-707 1
-706 1
-705 2
-700 1
-699 1
-697 1
-696 1
-693 1
-692 2
-688 1
-687 1
-686 1
-683 1
-681 1
-679 1
-678 1
-675 2
-671 1
-668 1
-665 2
-663 2
-662 1
-661 1
-658 3
-655 1
-652 1
-651 1
-644 1
-643 1
-639 1
-638 1
-637 2
-636 1
-635 1
-633 2
-631 1
-629 1
-626 1
-625 1
-622 2
-621 1
-619 1
-618 1
-616 2
-615 1
-613 2
-612 3
-610 1
-608 1
-605 2
-604 2
-601 1
-600 1
-599 1
-597 1
-596 2
-595 1
-590 2
-588 3
-587 2
-586 1
-585 1
-581 2
-578 2
-575 1
-574 2
-572 2
-571 1
-570 1
-567 1
-566 1
-565 3
-564 1
-563 1
-559 1
-553 1
-552 1
-551 1
-550 1
-549 1
-546 1
-545 1
-540 1
-538 2
-537 1
-535 1
-527 1
-525 1
-524 1
-523 1
-520 1
-519 1
-518 1
-517 2
-515 3
-512 1
-511 1
-508 1
-507 1
-506 1
-504 1
-503 2
-501 1
-500 1
-498 2
-494 1
-493 3
-492 2
-491 1
-488 2
-486 1
-482 1
-481 1
-478 2
-477 1
-476 2
-473 1
-469 1
-467 1
-465 2
-464 1
-463 1
-462 1
-461 1
-459 1
-456 1
-454 1
-451 1
-450 1
-449 2
-446 1
-445 1
-443 1
-436 1
-435 1
-430 2
-424 2
-423 1
-421 1
-419 1
-418 1
-416 1
-412 1
-411 2
-410 2
-409 1
-407 3
-403 1
-402 1
-400 1
-399 2
-397 2
-396 1
-395 1
-394 1
-392 2
-387 1
-384 1
-383 2
-382 1
-381 1
-380 1
-379 1
-377 2
-375 1
-373 1
-372 1
-371 1
-370 1
-369 1
-366 2
-365 3
-362 1
-361 2
-359 3
-358 1
-357 2
-355 1
-352 1
-347 1
-344 1
-343 2
-342 1
-341 2
-340 1
-338 1
-337 1
-335 2
-334 1
-331 1
-330 1
-328 1
-326 3
-325 1
-324 1
-318 1
-317 1
-315 2
-311 1
-310 1
-308 1
-306 1
-303 1
-301 1
-300 1
-298 1
-297 1
-295 1
-294 2
-290 1
-287 1
-286 1
-285 1
-284 1
-282 1
-278 2
-276 1
-275 1
-274 2
-273 1
-270 1
-269 1
-267 2
-265 1
-262 1
-261 1
-260 1
-258 2
-248 1
-246 1
-245 2
-244 1
-241 1
-240 2
-238 2
-237 1
-236 1
-234 2
-233 1
-232 1
-231 2
-230 1
-229 2
-228 1
-225 1
-224 2
-221 1
-218 2
-215 1
-214 1
-212 2
-209 2
-208 1
-207 1
-206 2
-202 3
-201 3
-200 1
-199 1
-194 2
-192 2
-188 1
-187 1
-186 2
-182 2
-181 1
-180 1
-178 2
-177 1
-176 1
-174 1
-169 1
-168 1
-166 2
-163 3
-162 1
-160 2
-159 3
-158 1
-156 1
-153 1
-152 1
-149 4
-148 1
-147 1
-145 1
-144 2
-143 1
-141 3
-139 1
-138 1
-137 1
-135 1
-134 3
-133 1
-131 1
-130 2
-128 2
-115 2
-114 1
-113 1
-112 1
-110 1
-105 1
-102 2
-101 1
-96 2
-91 2
-90 1
-85 2
-84 1
-83 1
-81 1
-80 2
-79 1
-76 2
-73 1
-71 1
-61 2
-60 1
-59 1
-58 2
-56 1
-53 1
-46 1
-44 1
-43 1
-41 1
-40 1
-38 1
-36 2
-34 2
-33 1
-32 2
-30 1
-19 1
-16 1
-15 1
-14 1
-13 1
-12 1
-11 3
-10 1
-9 1
-7 2
-6 3
-5 1
-2 2
-1 1
0 1
1 4
2 4
3 2
4 2
6 2
7 1
8 1
9 1
10 1
11 1
12 1
13 1
14 1
15 2
16 2
17 2
18 2
19 1
20 1
22 1
31 2
33 1
35 1
41 1
45 3
46 1
47 1
48 2
51 1
52 1
58 1
59 1
65 1
67 1
69 1
71 1
72 1
73 1
74 1
78 2
80 1
82 1
83 1
84 3
85 1
86 2
87 1
97 1
98 1
102 1
103 1
104 1
107 1
108 2
110 1
111 1
112 2
114 2
115 1
119 1
120 1
123 1
124 2
125 1
126 1
127 2
129 1
131 1
136 2
139 1
141 1
142 1
143 1
147 2
149 1
151 1
153 1
155 1
156 1
157 1
158 1
159 2
162 1
163 1
164 1
166 2
169 4
170 2
173 1
175 1
176 1
179 1
180 1
181 1
182 1
186 2
188 1
190 1
192 1
193 1
196 1
199 1
200 1
203 1
204 1
205 3
206 2
207 1
212 2
215 2
216 1
217 2
223 1
226 1
229 1
230 1
231 2
232 1
236 1
237 1
240 1
243 1
246 2
254 1
257 1
258 1
267 1
268 1
270 2
272 1
274 1
276 2
277 1
282 3
283 1
285 2
288 1
290 1
291 2
295 1
297 3
301 5
302 1
304 2
307 1
314 1
315 3
317 1
319 1
321 1
322 2
323 1
325 2
332 2
337 1
339 1
340 1
341 1
344 2
345 1
346 1
349 1
351 1
352 1
353 1
356 1
357 2
358 2
363 2
368 2
369 1
370 2
371 1
373 2
375 1
376 1
377 1
378 2
380 1
383 1
384 1
385 1
386 2
387 1
389 2
395 2
397 2
401 2
405 1
406 1
408 1
409 1
410 1
413 2
414 1
415 1
417 2
421 1
426 1
428 1
429 3
430 1
431 1
432 2
434 2
436 1
437 1
438 1
439 1
440 1
441 3
443 1
444 1
448 2
449 1
450 1
454 1
455 1
458 1
459 2
460 3
461 1
467 1
468 1
472 1
474 1
476 3
477 1
478 1
479 1
481 1
483 1
485 1
486 1
487 1
488 1
490 2
492 1
493 2
496 2
498 2
500 1
503 1
505 2
506 1
508 2
509 1
513 1
519 1
522 1
523 1
524 1
527 1
529 2
531 1
535 1
537 1
539 1
541 1
542 2
545 1
548 3
550 1
551 1
554 1
555 1
556 3
558 1
559 2
561 2
562 2
563 3
566 1
567 1
570 2
572 1
574 1
575 3
576 1
577 1
579 1
580 2
582 1
586 1
589 2
591 1
592 1
594 1
599 1
601 1
602 1
603 1
604 1
605 1
610 1
611 2
613 1
615 1
616 1
619 1
629 1
631 1
635 1
638 1
639 1
641 2
643 1
644 1
647 1
650 1
651 1
652 2
656 2
658 1
659 1
661 2
662 1
663 1
665 2
667 1
668 1
670 2
671 1
673 1
674 2
677 1
679 1
681 1
684 1
685 1
687 3
692 3
697 1
698 1
699 1
701 2
702 1
704 2
705 1
706 1
707 1
708 1
709 1
716 1
719 1
721 2
723 1
724 1
728 1
730 1
731 1
734 1
737 1
738 1
740 1
742 1
744 2
747 2
753 2
754 1
757 1
761 1
768 1
769 1
770 1
771 1
773 1
777 2
780 2
782 2
783 1
786 3
788 2
789 1
791 2
793 1
801 1
803 2
805 1
806 3
808 2
809 2
811 1
812 3
813 2
815 1
816 1
817 3
818 1
822 2
827 2
831 4
832 2
833 2
834 1
835 1
836 1
838 1
839 1
840 1
841 1
843 1
846 3
851 1
852 2
854 1
855 1
858 1
861 1
864 1
866 1
868 2
869 2
870 1
871 1
873 1
875 1
876 1
879 1
882 1
895 1
897 1
898 1
909 1
913 1
939 1
941 1
1429 1
