-2447 2
-2446 2
-2445 4
-2444 2
-2443 2
-2442 3
-2441 2
-2440 4
-2439 1
-2438 2
-2437 4
-2436 2
-2435 2
-2434 1
-2432 2
-2430 1
-2429 2
-2427 1
-2426 3
-2425 1
-2420 1
-2416 1
-2412 1
-2408 2
-2403 1
-2398 1
-2375 1
-2362 1
-2346 1
-2337 1
-2326 1
-2321 1
-2308 1
-1914 2
-1913 3
-1912 1
-1911 3
-1910 1
-1909 4
-1908 2
-1907 5
-1906 3
-1905 6
-1903 2
-1902 1
-1901 3
-1900 5
-1899 2
-1898 1
-1896 2
-1895 4
-1894 1
-1893 2
-1892 3
-1891 2
-1890 3
-1889 4
-1888 3
-1887 4
-1886 2
-1885 1
-1884 3
-1883 3
-1882 2
-1881 6
-1880 5
-1879 1
-1878 6
-1877 2
-1876 3
-1875 3
-1874 3
-1873 6
-1872 3
-1871 2
-1870 2
-1869 1
-1868 2
-1867 4
-1866 4
-1865 5
-1864 4
-1863 1
-1862 4
-1861 3
-1860 6
-1859 2
-1858 6
-1857 5
-1856 2
-1855 1
-1854 4
-1853 2
-1852 2
-1851 2
-1850 2
-1849 5
-1848 4
-1847 2
-1846 4
-1845 6
-1844 2
-1842 5
-1841 3
-1840 1
-1839 2
-1838 4
-1837 2
-1836 4
-1835 1
-1832 3
-1831 2
-1830 2
-1829 1
-1828 6
-1827 3
-1826 2
-1825 3
-1824 4
-1823 2
-1822 1
-1820 2
-1819 3
-1818 2
-1817 4
-1816 3
-1815 3
-1813 1
-1811 2
-1810 1
-1808 1
-1807 2
-1806 1
-1805 3
-1803 3
-1802 3
-1800 2
-1799 1
-1798 4
-1796 1
-1795 1
-1792 1
-1791 1
-1790 2
-1784 1
-1773 1
-1767 2
-1766 1
-1765 1
-1763 1
-1760 1
-1758 2
-1757 1
-1753 3
-1752 3
-1748 1
-1747 1
-1742 1
-1739 1
-1736 1
-1730 1
-1729 1
-1727 2
-1719 1
-1698 1
-1630 1
-1572 1
-1260 4
-1259 2
-1258 6
-1257 9
-1256 9
-1255 7
-1254 11
-1253 11
-1252 18
-1251 23
-1250 12
-1249 9
-1248 17
-1247 15
-1246 13
-1245 8
-1244 9
-1243 10
-1242 9
-1241 7
-1240 4
-1239 3
-1238 3
-1237 2
-1236 9
-1235 3
-1234 1
-1232 3
-1231 3
-1229 2
-1228 2
-1227 3
-1226 1
-1225 2
-1224 1
-1223 2
-1222 1
-1220 1
-1218 1
-1216 2
-1215 1
-1214 2
-1211 1
-1210 1
-1209 1
-1207 1
-1206 5
-1205 1
-1204 3
-1202 3
-1201 1
-1200 3
-1198 2
-1197 1
-1196 2
-1190 4
-1188 2
-1187 2
-1185 3
-1183 4
-1182 3
-1181 1
-1179 1
-1178 1
-1175 1
-1174 4
-1172 1
-1168 3
-1166 2
-1165 1
-1163 1
-1160 4
-1155 1
-1145 2
-1137 1
-1135 1
-1131 1
-1128 1
-1115 1
-1087 1
-1067 1
-290 1
-282 1
-270 1
-269 2
-268 1
-263 1
-254 1
-241 1
-238 1
-227 1
-221 1
-220 4
-219 8
-218 6
-217 4
-216 4
-215 8
-214 12
-213 7
-212 9
-211 13
-210 8
-209 4
-208 2
-207 7
-206 10
-205 9
-204 7
-203 7
-202 3
-201 3
-200 7
-199 6
-198 7
-197 3
-196 4
-195 2
-194 9
-193 8
-192 3
-191 1
-190 3
-189 3
-188 5
-187 2
-186 1
-185 7
-184 4
-183 2
-182 1
-181 3
-180 3
-178 2
-177 4
-176 2
-175 2
-174 2
-172 3
-171 1
-170 2
-167 1
-166 3
-165 1
-164 2
-163 1
-162 1
-161 2
-160 2
-159 1
-158 1
-157 3
-156 1
-154 5
-153 3
-152 3
-151 3
-150 4
-149 3
-148 8
-147 10
-146 4
-145 9
-144 6
-143 3
-142 6
-141 6
-140 12
-139 7
-138 8
-137 13
-136 9
-135 7
-134 4
-133 7
-132 9
-131 11
-130 8
-129 8
-128 5
-127 4
-126 7
-125 7
-124 10
-123 4
-122 5
-121 7
-120 4
-119 10
-118 10
-117 3
-116 9
-115 3
-114 13
-113 3
-112 1
-111 7
-110 8
-109 10
-108 7
-107 7
-106 6
-105 6
-104 6
-103 5
-102 1
-101 7
-100 1
-99 6
-98 2
-97 9
-96 7
-95 3
-94 4
-93 4
-92 3
-91 3
-90 5
-89 10
-88 4
-87 2
-86 5
-85 9
-84 6
-83 4
-82 9
-81 6
-80 7
-79 9
-78 11
-77 3
-76 9
-75 5
-74 7
-73 4
-72 10
-71 7
-70 5
-69 9
-68 9
-67 5
-66 7
-65 14
-64 8
-63 8
-62 11
-61 10
-60 7
-59 14
-58 4
-57 6
-56 7
-55 8
-54 5
-53 8
-52 9
-51 2
-50 2
-49 9
-48 3
-47 5
-46 4
-45 4
-44 8
-43 3
-42 2
-41 4
-40 7
-39 3
-38 3
-37 2
-35 4
-34 1
-33 5
-32 2
-31 1
-30 3
-29 1
-28 5
-27 3
-26 1
-25 3
-24 3
-23 5
-22 5
-21 4
-20 3
-19 1
-18 1
-17 3
-15 1
-14 1
-13 2
-11 2
-10 2
-9 3
-8 1
-7 1
-5 1
-4 2
1 1
2 1
4 1
6 2
7 2
8 2
9 1
11 2
13 2
16 4
17 1
18 1
19 1
20 1
23 2
24 1
25 4
26 2
27 2
28 2
30 2
31 3
32 2
33 2
34 1
35 3
36 3
37 3
38 6
39 6
40 4
41 1
42 4
43 2
44 2
45 1
46 2
47 4
48 1
51 2
52 4
53 4
54 2
56 1
57 7
58 4
60 2
61 2
62 9
63 6
64 3
65 2
66 5
67 3
68 5
70 3
71 1
72 1
73 1
75 2
76 1
77 1
78 5
79 1
80 2
82 1
83 4
84 3
85 2
86 3
87 3
88 2
89 1
92 3
93 2
94 1
98 2
99 2
100 2
102 3
103 1
104 3
105 1
106 3
110 2
112 1
113 1
116 1
119 1
120 1
121 2
124 1
125 1
126 1
127 1
128 2
129 1
130 2
132 1
133 1
135 1
139 1
140 1
142 2
143 1
144 1
150 1
151 1
156 1
157 1
158 1
164 1
179 1
180 1
267 1
