-2000 1
-1997 1
-1993 1
-1992 1
-1972 2
-1969 2
-1968 1
-1962 1
-1961 2
-1960 1
-1957 1
-1956 1
-1954 1
-1950 1
-1943 2
-1942 1
-1934 1
-1932 1
-1931 2
-1930 1
-1929 1
-1928 1
-1927 1
-1923 1
-1921 1
-1920 1
-1918 2
-1917 1
-1916 1
-1914 1
-1913 2
-1912 1
-1910 1
-1909 2
-1908 1
-1906 1
-1905 1
-1902 2
-1900 1
-1896 1
-1895 1
-1894 1
-1893 1
-1892 1
-1891 1
-1889 1
-1887 1
-1886 1
-1883 1
-1881 1
-1880 1
-1878 1
-1877 1
-1875 1
-1874 2
-1872 1
-1869 3
-1867 1
-1866 1
-1864 1
-1858 1
-1857 1
-1855 2
-1853 1
-1851 2
-1849 1
-1848 1
-1843 1
-1842 1
-1841 1
-1840 2
-1839 1
-1838 1
-1837 2
-1836 1
-1835 1
-1833 1
-1831 1
-1830 2
-1827 1
-1826 1
-1824 2
-1823 2
-1822 1
-1819 1
-1817 3
-1816 1
-1806 1
-1805 1
-1804 1
-1803 2
-1802 2
-1798 1
-1795 3
-1794 1
-1792 1
-1788 3
-1785 2
-1783 1
-1781 1
-1780 1
-1778 1
-1777 1
-1775 1
-1773 1
-1771 1
-1768 1
-1766 1
-1762 1
-1761 2
-1760 1
-1759 1
-1758 2
-1757 1
-1754 1
-1750 1
-1749 2
-1747 3
-1744 1
-1743 2
-1742 1
-1740 2
-1739 2
-1735 1
-1734 1
-1732 2
-1729 1
-1728 1
-1727 1
-1725 1
-1723 1
-1722 3
-1721 1
-1718 2
-1716 2
-1715 3
-1714 2
-1713 1
-1712 1
-1709 1
-1707 1
-1705 1
-1703 1
-1702 1
-1698 1
-1694 1
-1693 1
-1691 3
-1689 1
-1687 1
-1686 1
-1685 1
-1684 1
-1680 1
-1677 1
-1674 1
-1673 1
-1672 1
-1670 1
-1668 1
-1665 2
-1659 2
-1658 1
-1656 1
-1654 3
-1653 1
-1648 1
-1647 1
-1646 1
-1645 1
-1641 2
-1640 2
-1639 1
-1638 2
-1636 3
-1635 1
-1634 1
-1631 1
-1629 1
-1625 3
-1624 2
-1620 2
-1617 2
-1616 1
-1614 1
-1613 2
-1612 2
-1609 3
-1606 2
-1600 1
-1598 1
-1597 1
-1595 1
-1594 1
-1593 2
-1592 1
-1586 1
-1584 3
-1583 1
-1580 1
-1578 2
-1576 1
-1575 1
-1573 1
-1571 2
-1570 3
-1568 1
-1567 1
-1564 2
-1563 1
-1562 1
-1561 4
-1560 1
-1559 1
-1558 1
-1556 2
-1554 1
-1553 1
-1552 2
-1551 2
-1550 1
-1549 1
-1547 1
-1545 1
-1544 2
-1542 1
-1541 1
-1540 2
-1539 1
-1538 2
-1537 2
-1535 1
-1533 2
-1532 1
-1531 1
-1529 1
-1527 1
-1525 2
-1523 1
-1522 1
-1521 1
-1520 1
-1519 2
-1514 1
-1513 1
-1512 2
-1510 1
-1509 2
-1501 1
-1500 1
-1496 1
-1493 1
-1492 1
-1490 1
-1489 1
-1488 1
-1486 1
-1477 1
-1474 1
-1473 1
-1472 2
-1471 1
-1465 1
-1464 1
-1463 1
-1462 1
-1460 1
-1459 1
-1458 2
-1457 1
-1456 2
-1455 1
-1453 1
-1444 2
-1443 1
-1442 3
-1440 1
-1439 1
-1438 1
-1435 1
-1432 2
-1431 1
-1430 2
-1429 2
-1428 1
-1422 2
-1419 1
-1415 1
-1413 2
-1411 1
-1405 1
-1402 2
-1401 1
-1400 1
-1398 1
-1397 1
-1393 1
-1389 1
-1387 1
-1386 1
-1385 1
-1382 2
-1381 2
-1374 1
-1372 1
-1370 2
-1368 1
-1367 1
-1363 2
-1361 2
-1360 1
-1358 2
-1353 1
-1350 1
-1346 1
-1344 1
-1343 2
-1342 2
-1341 1
-1339 1
-1335 1
-1334 1
-1333 1
-1329 1
-1327 1
-1325 2
-1324 2
-1323 1
-1319 1
-1317 1
-1310 1
-1309 2
-1308 1
-1307 1
-1306 1
-1305 1
-1303 1
-1300 1
-1299 2
-1297 1
-1292 1
-1288 2
-1287 2
-1285 1
-1284 2
-1282 1
-1281 2
-1279 1
-1278 1
-1276 3
-1272 1
-1270 1
-1268 2
-1267 1
-1266 2
-1265 1
-1262 1
-1261 1
-1259 1
-1257 1
-1256 1
-1255 2
-1254 1
-1253 1
-1251 2
-1248 1
-1247 1
-1246 1
-1245 1
-1243 1
-1242 1
-1239 1
-1237 1
-1235 1
-1234 1
-1231 2
-1230 1
-1227 1
-1225 2
-1222 2
-1221 1
-1220 2
-1216 2
-1215 1
-1212 1
-1210 1
-1209 2
-1205 3
-1204 3
-1202 1
-1200 1
-1199 1
-1196 1
-1195 1
-1193 1
-1192 1
-1191 1
-1188 1
-1183 1
-1181 2
-1179 2
-1178 1
-1177 1
-1176 1
-1175 1
-1174 1
-1171 1
-1169 1
-1168 2
-1167 1
-1166 1
-1163 3
-1162 1
-1161 1
-1159 1
-1158 1
-1155 1
-1154 1
-1151 1
-1147 1
-1145 4
-1144 1
-1143 1
-1142 1
-1140 1
-1139 1
-1138 1
-1137 2
-1135 1
-1134 1
-1131 1
-1129 1
-1127 1
-1124 2
-1122 1
-1121 3
-1120 1
-1119 1
-1116 1
-1115 1
-1112 1
-1107 2
-1105 1
-1104 1
-1103 1
-1102 1
-1101 1
-1099 1
-1098 2
-1097 1
-1096 1
-1095 1
-1094 1
-1093 1
-1090 1
-1088 1
-1086 2
-1079 1
-1078 1
-1077 1
-1076 1
-1075 1
-1074 1
-1072 1
-1070 2
-1069 3
-1068 3
-1065 1
-1063 1
-1057 1
-1051 1
-1050 2
-1044 1
-1043 1
-1041 2
-1040 1
-1039 1
-1038 2
-1037 1
-1032 1
-1031 1
-1029 1
-1027 1
-1025 1
-1024 1
-1023 1
-1022 1
-1019 1
-1014 1
-1013 1
-1012 1
-1011 1
-1009 2
-1008 1
-1006 1
-1005 2
-1004 1
-1003 1
-1002 2
-999 2
-997 1
-992 1
-991 1
-990 1
-988 1
-986 1
-983 1
-981 1
-978 1
-975 1
-974 4
-971 1
-969 1
-966 2
-962 1
-956 1
-955 2
-953 1
-950 1
-949 1
-947 2
-934 2
-933 1
-932 1
-929 3
-927 1
-925 1
-923 2
-921 1
-920 1
-919 1
-918 2
-917 1
-916 1
-915 2
-911 1
-910 1
-909 1
-906 3
-904 1
-902 1
-901 1
-897 1
-894 1
-893 1
-892 1
-891 2
-890 1
-885 1
-882 2
-881 3
-880 1
-879 1
-878 1
-877 1
-876 1
-875 1
-874 1
-871 2
-869 1
-867 1
-865 2
-863 1
-861 2
-860 2
-859 1
-857 2
-855 1
-851 1
-850 1
-847 2
-846 1
-842 1
-841 1
-839 2
-837 1
-836 2
-835 3
-834 1
-833 1
-832 1
-830 1
-829 2
-827 1
-826 2
-824 2
-823 2
-821 1
-820 2
-817 1
-811 2
-810 1
-809 1
-808 2
-806 1
-805 1
-803 2
-801 1
-799 4
-798 2
-796 1
-793 1
-791 1
-788 1
-787 1
-786 1
-784 1
-783 1
-782 2
-777 1
-775 1
-774 1
-773 1
-771 2
-768 1
-764 1
-762 1
-758 1
-755 1
-754 1
-753 1
-751 3
-746 1
-745 2
-744 3
-743 1
-741 1
-740 1
-737 2
-734 1
-733 2
-732 2
-730 1
-729 3
-728 1
-726 2
-724 1
-721 3
-718 3
-715 2
-713 1
-710 2
-707 1
-704 2
-702 1
-701 1
-700 1
-699 1
-697 2
-696 1
-694 1
-693 1
-691 2
-690 1
-689 2
-686 1
-682 2
-681 1
-680 1
-679 3
-677 1
-676 1
-675 1
-673 1
-671 1
-669 1
-666 1
-665 1
-664 4
-662 1
-661 1
-660 1
-659 1
-656 2
-654 3
-652 2
-651 2
-650 1
-649 1
-647 1
-643 1
-642 1
-639 1
-638 1
-636 2
-631 1
-629 1
-628 1
-625 1
-622 2
-620 1
-619 1
-615 1
-613 1
-611 1
-610 2
-607 2
-606 1
-605 2
-602 1
-601 1
-600 2
-597 3
-594 1
-592 1
-590 2
-587 2
-586 1
-584 3
-581 1
-579 2
-577 1
-576 2
-575 1
-574 1
-573 2
-572 1
-570 1
-569 2
-568 1
-566 1
-565 3
-564 2
-562 1
-561 1
-554 1
-551 1
-550 1
-549 2
-548 1
-547 2
-543 1
-539 1
-537 3
-536 1
-535 1
-534 1
-532 2
-527 1
-525 1
-523 1
-519 2
-518 1
-517 1
-516 1
-515 2
-513 1
-512 2
-509 2
-506 1
-505 1
-504 2
-503 1
-500 1
-499 1
-498 1
-495 1
-492 2
-491 1
-490 2
-488 2
-487 3
-482 1
-479 1
-478 1
-477 1
-475 1
-473 2
-471 2
-470 2
-469 1
-468 2
-467 1
-466 1
-464 1
-462 4
-458 1
-457 1
-456 1
-453 3
-452 1
-450 1
-447 2
-446 1
-445 1
-444 1
-442 1
-441 3
-440 3
-438 1
-437 2
-436 2
-435 1
-434 1
-433 3
-431 2
-428 2
-424 1
-420 1
-419 3
-418 2
-416 1
-415 1
-414 2
-412 2
-411 2
-409 1
-407 1
-405 1
-402 2
-400 1
-399 1
-398 1
-397 1
-396 3
-395 2
-394 1
-390 1
-389 1
-388 1
-386 1
-385 1
-381 1
-380 1
-379 2
-377 1
-373 2
-365 1
-363 1
-362 1
-361 1
-357 1
-355 2
-352 1
-349 1
-348 1
-346 1
-345 1
-336 1
-332 4
-331 1
-330 2
-329 1
-327 1
-326 1
-324 2
-323 1
-320 1
-318 2
-312 2
-311 1
-310 1
-309 1
-307 3
-305 1
-304 3
-303 1
-302 1
-300 1
-298 2
-297 1
-296 1
-295 1
-292 3
-291 2
-288 2
-287 1
-282 3
-281 2
-280 2
-279 1
-274 1
-272 1
-270 1
-269 1
-268 1
-267 1
-266 1
-264 2
-263 1
-260 2
-259 2
-257 1
-256 1
-251 1
-249 1
-248 1
-246 1
-244 3
-242 1
-239 2
-238 2
-236 1
-234 1
-233 2
-231 1
-230 1
-229 2
-227 3
-226 1
-224 1
-223 1
-222 1
-219 1
-218 3
-217 1
-215 1
-213 1
-210 1
-206 2
-205 2
-203 1
-198 2
-197 2
-192 1
-189 1
-187 1
-186 2
-185 3
-183 1
-180 2
-178 1
-177 1
-176 1
-175 1
-172 1
-171 2
-169 1
-168 2
-167 1
-166 2
-165 2
-163 1
-161 2
-160 3
-159 1
-158 1
-155 1
-151 1
-148 2
-147 1
-145 1
-142 2
-140 1
-139 1
-138 2
-136 2
-134 2
-132 1
-131 1
-129 2
-126 1
-125 3
-124 1
-123 2
-122 1
-121 2
-117 1
-116 2
-114 1
-113 2
-106 2
-104 2
-102 1
-101 3
-100 1
-96 1
-95 1
-94 1
-87 1
-86 3
-83 1
-82 2
-81 4
-80 1
-79 2
-76 2
-75 3
-70 2
-65 2
-63 1
-62 1
-61 1
-56 1
-55 1
-54 1
-53 3
-50 1
-42 3
-38 1
-37 2
-36 1
-35 1
-32 1
-28 1
-27 2
-24 1
-23 2
-21 2
-20 1
-18 1
-17 1
-16 2
-15 2
-12 2
-11 1
-10 1
-9 1
-8 1
-7 3
-5 1
-4 3
-3 1
-2 1
-1 2
0 1
1 1
3 2
5 2
6 3
8 2
11 1
12 2
13 1
14 3
16 1
20 2
21 1
22 1
26 1
28 2
33 2
35 2
37 1
38 1
40 1
42 1
46 1
47 2
48 1
51 1
52 2
53 1
54 2
61 1
64 1
65 2
66 1
67 1
69 3
70 1
71 1
74 1
77 1
78 1
80 1
81 1
82 1
83 1
84 1
85 1
88 1
90 1
91 1
93 1
94 2
97 1
98 1
100 1
101 3
105 1
107 1
111 3
115 1
116 3
118 3
119 4
120 2
124 1
125 1
130 1
131 1
133 1
135 1
136 2
137 2
138 2
140 4
143 1
144 1
145 2
151 1
152 3
154 1
157 2
158 1
159 2
160 1
161 1
162 1
165 1
166 2
167 1
168 6
170 1
172 1
182 1
183 1
184 1
185 1
187 2
188 2
190 1
192 3
196 1
197 2
198 1
199 1
206 1
207 1
208 1
209 1
211 2
212 1
214 2
215 2
217 2
219 2
221 2
224 1
225 1
226 1
227 3
229 1
230 1
232 2
233 1
234 1
238 2
239 1
240 2
241 2
242 1
243 1
245 1
246 1
247 2
248 1
249 1
251 3
252 3
253 1
254 1
258 1
259 2
263 1
264 2
265 3
269 2
270 2
271 1
275 1
277 2
280 2
281 1
282 1
283 2
284 2
285 1
286 1
288 1
289 1
290 1
292 2
293 1
294 2
295 1
301 1
303 1
304 1
308 1
310 1
311 1
313 1
314 1
317 1
320 1
322 1
325 1
326 1
327 1
328 1
331 1
335 2
337 1
339 2
341 1
344 3
345 1
346 1
352 1
353 1
355 1
358 2
359 1
360 2
361 1
362 1
363 2
364 1
365 1
366 1
367 1
370 1
377 1
378 1
381 1
382 1
386 1
388 1
392 1
398 2
402 1
404 2
407 1
408 1
409 3
416 2
417 1
421 1
422 1
423 1
424 1
425 1
427 1
429 2
432 1
433 1
435 1
436 1
441 2
443 1
447 2
451 2
457 1
460 1
461 1
463 1
464 2
466 3
467 1
472 1
473 1
474 1
477 1
478 2
480 1
481 1
482 1
484 2
485 1
487 2
488 1
489 1
491 1
492 3
496 1
497 1
500 2
501 1
505 2
507 1
508 2
509 2
511 1
513 1
514 1
515 1
520 1
525 2
527 1
528 1
530 1
532 1
534 2
536 1
537 1
541 1
542 1
543 2
544 4
548 1
550 1
554 2
556 1
557 1
558 1
559 1
560 1
561 1
562 1
563 1
565 1
567 1
568 1
570 2
571 2
573 1
574 1
575 2
577 2
578 1
581 2
588 1
589 3
594 1
601 4
602 1
603 1
605 1
609 1
610 1
611 1
613 1
614 1
616 4
617 3
619 1
620 1
621 1
622 1
625 1
627 2
628 1
631 2
639 2
640 1
641 2
644 2
645 1
646 2
647 2
648 1
651 1
653 1
654 1
656 1
657 2
658 2
659 1
661 2
665 3
666 1
667 1
668 1
671 2
674 1
678 2
680 1
682 1
684 1
685 1
686 2
689 1
691 2
693 2
694 2
697 1
699 1
700 2
701 1
702 2
704 1
708 1
710 2
712 1
713 3
714 1
717 1
718 1
719 1
720 1
723 2
724 1
725 1
727 4
730 1
732 2
734 2
737 1
738 2
741 1
742 2
744 1
745 1
746 1
748 1
749 1
750 1
751 2
754 2
755 1
756 1
759 1
761 1
762 1
763 2
766 1
767 3
768 2
773 2
774 1
775 1
777 1
778 1
781 2
784 2
785 1
788 3
789 1
791 2
793 1
794 1
796 3
797 1
798 2
801 1
802 4
807 1
808 1
809 1
810 2
811 2
812 2
813 1
814 1
817 2
821 3
822 2
824 2
825 1
826 1
827 1
830 2
832 1
834 1
837 1
840 1
843 2
844 1
850 2
853 1
854 1
855 1
858 1
864 1
873 1
879 1
883 1
884 1
889 1
899 1
900 1
901 1
916 1
927 1
943 1
