-2015 3
-2014 2
-2008 1
-2007 1
-2005 1
-2002 1
-2001 1
-2000 1
-1999 2
-1998 1
-1997 2
-1996 1
-1995 3
-1994 1
-1993 1
-1992 1
-1991 4
-1990 1
-1989 1
-1987 1
-1986 1
-1985 2
-1984 3
-1982 1
-1981 2
-1979 2
-1978 2
-1977 2
-1976 1
-1975 4
-1974 3
-1973 5
-1972 3
-1971 2
-1970 3
-1969 1
-1968 1
-1967 1
-1966 2
-1965 1
-1964 1
-1960 2
-1959 2
-1958 3
-1957 3
-1956 1
-1953 2
-1952 1
-1951 4
-1950 1
-1949 3
-1948 2
-1947 2
-1946 3
-1943 2
-1942 3
-1941 5
-1940 3
-1939 1
-1938 5
-1937 2
-1936 3
-1935 1
-1934 2
-1933 2
-1932 3
-1931 1
-1930 3
-1928 1
-1927 3
-1926 2
-1925 2
-1924 2
-1922 1
-1921 1
-1919 6
-1918 1
-1917 2
-1916 2
-1915 1
-1914 1
-1913 1
-1912 3
-1911 2
-1908 1
-1907 4
-1906 2
-1905 5
-1904 5
-1903 4
-1902 2
-1901 2
-1900 4
-1899 2
-1898 1
-1897 2
-1896 1
-1895 3
-1894 2
-1893 1
-1892 2
-1891 1
-1890 1
-1889 2
-1888 1
-1887 1
-1886 1
-1885 1
-1884 4
-1883 2
-1882 3
-1880 1
-1878 4
-1877 1
-1876 2
-1875 1
-1874 3
-1873 3
-1872 3
-1871 3
-1870 2
-1869 1
-1868 1
-1867 2
-1866 2
-1865 3
-1864 2
-1863 4
-1862 1
-1861 2
-1860 4
-1859 2
-1858 3
-1857 3
-1856 1
-1855 2
-1854 3
-1853 2
-1852 3
-1851 2
-1850 2
-1849 1
-1848 5
-1847 3
-1846 4
-1845 1
-1844 2
-1843 4
-1842 4
-1841 3
-1840 1
-1839 3
-1838 2
-1837 3
-1836 1
-1835 3
-1834 2
-1833 2
-1832 1
-1831 1
-1830 3
-1829 3
-1828 3
-1826 1
-1825 2
-1823 2
-1822 3
-1821 2
-1820 4
-1819 1
-1817 1
-1816 2
-1815 2
-1814 1
-1813 2
-1812 1
-1811 2
-1810 2
-1809 2
-1807 1
-1806 3
-1805 4
-1804 2
-1803 1
-1802 3
-1801 1
-1800 2
-1799 2
-1797 2
-1796 1
-1794 1
-1793 4
-1792 2
-1791 4
-1790 1
-1788 1
-1787 4
-1785 1
-1784 2
-1783 1
-1782 3
-1781 1
-1780 3
-1778 1
-1777 3
-1776 8
-1775 1
-1774 5
-1773 2
-1772 2
-1771 1
-1770 1
-1769 2
-1768 3
-1767 1
-1766 2
-1765 4
-1764 2
-1763 2
-1762 1
-1761 3
-1760 3
-1759 1
-1758 5
-1757 4
-1754 1
-1753 2
-1752 2
-1751 1
-1750 1
-1749 2
-1748 2
-1747 2
-1746 1
-1745 2
-1744 3
-1743 2
-1742 2
-1741 1
-1740 2
-1739 2
-1738 4
-1737 5
-1736 3
-1735 2
-1734 1
-1732 3
-1731 1
-1730 5
-1729 1
-1728 2
-1727 3
-1726 3
-1724 2
-1723 1
-1722 1
-1721 3
-1720 2
-1719 8
-1718 2
-1717 3
-1716 2
-1715 2
-1714 6
-1713 1
-1712 6
-1711 4
-1710 1
-1709 1
-1708 1
-1707 1
-1706 3
-1705 2
-1704 3
-1703 1
-1702 2
-1701 1
-1700 3
-1699 2
-1697 1
-1696 6
-1695 3
-1694 3
-1693 2
-1692 2
-1691 1
-1690 1
-1688 2
-1687 2
-1684 1
-1682 1
-1681 3
-1680 1
-1679 3
-1678 1
-1677 2
-1676 4
-1675 3
-1674 2
-1673 3
-1672 3
-1671 1
-1670 2
-1669 6
-1668 4
-1667 4
-1666 1
-1665 4
-1664 4
-1663 2
-1662 4
-1661 1
-1660 2
-1659 2
-1658 2
-1657 1
-1656 1
-1655 3
-1654 1
-1653 2
-1652 1
-1651 2
-1650 2
-1649 2
-1648 3
-1647 3
-1646 3
-1644 3
-1643 3
-1642 4
-1641 1
-1640 2
-1639 1
-1638 1
-1637 1
-1636 4
-1635 2
-1634 4
-1633 3
-1632 2
-1631 1
-1630 2
-1629 3
-1628 4
-1627 1
-1624 1
-1623 5
-1621 2
-1620 4
-1619 2
-1618 1
-1617 6
-1616 2
-1615 3
-1613 2
-1612 1
-1611 1
-1610 1
-1609 2
-1607 2
-1606 2
-1605 1
-1604 3
-1603 4
-1602 2
-1601 2
-1600 2
-1599 2
-1598 5
-1597 2
-1596 5
-1594 1
-1593 3
-1591 1
-1590 3
-1589 2
-1588 6
-1587 3
-1586 1
-1585 3
-1584 1
-1583 3
-1582 2
-1581 1
-1580 4
-1579 5
-1578 3
-1577 3
-1576 3
-1575 1
-1574 3
-1572 1
-1571 2
-1570 3
-1569 1
-1568 1
-1566 3
-1565 1
-1564 3
-1563 4
-1562 1
-1561 2
-1560 1
-1558 4
-1557 2
-1556 6
-1555 2
-1554 2
-1553 3
-1552 1
-1551 1
-1550 1
-1549 2
-1548 1
-1547 2
-1546 3
-1544 4
-1543 2
-1542 1
-1541 3
-1540 4
-1539 1
-1537 5
-1536 2
-1534 1
-1533 1
-1532 1
-1530 4
-1527 5
-1526 1
-1524 3
-1523 1
-1522 2
-1521 1
-1520 2
-1519 2
-1518 4
-1517 1
-1516 2
-1515 1
-1514 2
-1513 2
-1512 3
-1511 2
-1510 1
-1508 1
-1507 2
-1506 3
-1505 1
-1504 2
-1503 3
-1502 1
-1501 4
-1500 1
-1499 2
-1498 3
-1497 1
-1496 1
-1494 2
-1493 1
-1491 2
-1490 5
-1489 2
-1488 3
-1487 3
-1486 1
-1485 2
-1484 1
-1483 3
-1482 4
-1481 3
-1480 2
-1479 1
-1478 4
-1477 3
-1476 4
-1475 1
-1474 4
-1473 1
-1472 3
-1471 2
-1470 1
-1469 1
-1468 4
-1467 1
-1466 4
-1464 3
-1463 2
-1459 1
-1458 4
-1457 3
-1454 1
-1453 3
-1452 3
-1451 3
-1449 1
-1448 2
-1447 2
-1444 1
-1443 3
-1442 3
-1441 2
-1440 2
-1439 2
-1438 2
-1437 2
-1436 2
-1435 4
-1433 2
-1432 2
-1431 1
-1428 2
-1427 2
-1426 1
-1425 3
-1424 2
-1423 1
-1422 2
-1421 1
-1420 1
-1418 1
-1417 1
-1416 3
-1415 4
-1414 2
-1413 1
-1412 2
-1411 2
-1410 2
-1409 5
-1408 2
-1407 1
-1406 2
-1405 1
-1404 3
-1403 1
-1402 2
-1401 1
-1400 1
-1397 1
-1396 5
-1395 4
-1394 1
-1393 3
-1390 1
-1389 4
-1388 1
-1387 1
-1386 3
-1384 2
-1383 1
-1382 4
-1381 2
-1380 4
-1379 2
-1378 1
-1377 1
-1376 1
-1374 3
-1373 1
-1372 5
-1371 1
-1370 3
-1369 2
-1368 2
-1367 1
-1365 3
-1364 3
-1363 3
-1362 1
-1361 2
-1360 5
-1359 1
-1358 4
-1357 4
-1356 2
-1355 2
-1354 2
-1351 3
-1350 1
-1349 3
-1347 4
-1346 5
-1345 1
-1342 1
-1341 1
-1340 1
-1338 2
-1337 6
-1336 1
-1335 2
-1333 2
-1331 4
-1330 3
-1329 5
-1328 3
-1327 5
-1326 3
-1325 2
-1323 1
-1322 1
-1319 1
-1318 3
-1317 1
-1315 2
-1314 1
-1313 2
-1312 3
-1311 3
-1308 4
-1307 3
-1306 2
-1305 1
-1304 2
-1303 1
-1302 1
-1300 1
-1299 3
-1298 3
-1296 2
-1295 3
-1293 4
-1292 3
-1291 2
-1290 2
-1289 5
-1288 3
-1287 5
-1286 2
-1284 4
-1283 3
-1280 1
-1278 5
-1277 1
-1276 3
-1275 1
-1272 4
-1271 1
-1270 3
-1269 3
-1268 1
-1267 2
-1266 1
-1265 1
-1264 3
-1263 4
-1262 2
-1261 4
-1260 3
-1259 4
-1258 2
-1257 5
-1256 3
-1255 1
-1254 1
-1253 2
-1252 2
-1251 3
-1250 7
-1249 3
-1248 3
-1247 1
-1246 4
-1245 3
-1244 1
-1243 1
-1242 1
-1241 2
-1240 3
-1239 3
-1238 1
-1237 1
-1236 2
-1235 3
-1234 3
-1233 3
-1232 1
-1231 1
-1230 1
-1229 5
-1228 2
-1227 2
-1226 5
-1225 2
-1224 5
-1223 1
-1222 2
-1221 3
-1220 2
-1219 1
-1218 1
-1217 1
-1216 3
-1213 1
-1212 1
-1211 2
-1210 1
-1209 3
-1208 2
-1207 3
-1206 2
-1205 2
-1204 1
-1203 2
-1202 3
-1201 2
-1198 3
-1197 3
-1195 2
-1194 4
-1193 1
-1192 2
-1191 3
-1190 1
-1189 2
-1188 3
-1187 2
-1186 4
-1185 1
-1184 5
-1183 2
-1182 1
-1181 3
-1180 2
-1179 2
-1178 5
-1177 1
-1176 2
-1174 2
-1171 3
-1170 3
-1169 2
-1168 2
-1167 1
-1166 3
-1165 1
-1164 2
-1163 1
-1162 1
-1161 2
-1160 1
-1159 2
-1158 2
-1157 1
-1156 2
-1155 1
-1154 3
-1153 1
-1152 2
-1151 4
-1149 3
-1148 1
-1147 2
-1145 2
-1143 2
-1142 2
-1141 2
-1140 2
-1139 2
-1138 2
-1137 3
-1136 2
-1135 1
-1133 2
-1132 3
-1131 2
-1130 1
-1129 1
-1128 2
-1126 3
-1125 4
-1124 2
-1123 2
-1122 3
-1121 2
-1120 1
-1119 3
-1118 2
-1117 2
-1116 2
-1115 1
-1114 3
-1113 2
-1112 1
-1111 6
-1110 3
-1109 4
-1108 2
-1107 1
-1106 2
-1105 1
-1104 3
-1100 2
-1099 2
-1098 4
-1097 4
-1096 4
-1095 1
-1092 2
-1091 2
-1090 2
-1089 4
-1088 2
-1087 2
-1086 3
-1085 2
-1084 1
-1083 1
-1082 1
-1081 4
-1080 2
-1079 1
-1078 4
-1077 1
-1076 2
-1075 1
-1074 4
-1073 1
-1072 2
-1071 1
-1070 3
-1069 1
-1068 2
-1067 2
-1066 3
-1065 2
-1064 3
-1063 5
-1062 2
-1061 4
-1060 2
-1059 1
-1058 1
-1057 3
-1056 3
-1055 2
-1054 1
-1053 2
-1051 2
-1049 1
-1047 4
-1046 3
-1045 2
-1044 4
-1043 3
-1042 4
-1041 2
-1039 2
-1038 3
-1037 3
-1036 3
-1035 3
-1034 2
-1033 2
-1032 2
-1031 1
-1030 2
-1029 1
-1028 3
-1027 2
-1026 3
-1025 5
-1024 4
-1022 1
-1021 1
-1020 3
-1019 4
-1018 1
-1017 2
-1016 2
-1015 2
-1014 3
-1013 1
-1012 3
-1011 1
-1009 2
-1008 2
-1007 4
-1006 1
-1005 3
-1004 1
-1002 2
-1001 2
-1000 2
-999 2
-998 4
-997 2
-995 3
-993 1
-992 3
-991 5
-990 1
-989 2
-988 2
-987 1
-986 2
-985 2
-984 2
-982 1
-981 2
-980 6
-979 2
-978 1
-977 2
-976 1
-975 2
-974 6
-973 3
-972 4
-971 5
-970 1
-969 1
-968 3
-966 2
-965 1
-964 4
-963 1
-962 2
-961 3
-960 2
-959 5
-958 3
-957 3
-956 2
-955 3
-953 3
-952 1
-951 5
-950 2
-949 1
-947 3
-946 1
-945 5
-944 2
-943 4
-942 3
-941 2
-939 2
-938 1
-936 2
-934 1
-933 1
-932 1
-931 3
-930 1
-929 2
-928 4
-927 2
-926 3
-925 3
-924 2
-923 1
-922 2
-921 1
-920 5
-919 4
-918 2
-917 1
-916 2
-915 4
-913 3
-912 2
-911 2
-910 3
-909 1
-908 3
-907 2
-905 4
-904 1
-903 1
-902 3
-901 1
-900 4
-899 4
-898 3
-897 1
-896 1
-895 3
-894 3
-892 5
-891 2
-890 1
-889 4
-888 1
-887 4
-886 2
-885 3
-884 1
-883 2
-882 3
-881 1
-880 2
-878 1
-877 4
-876 3
-875 2
-873 1
-872 1
-871 4
-870 1
-869 3
-868 5
-867 4
-865 2
-864 1
-863 3
-861 2
-860 1
-859 1
-858 6
-857 5
-856 7
-855 3
-854 1
-849 1
-848 1
-847 1
-846 2
-843 2
-842 1
-841 1
-840 1
-839 3
-837 2
-836 3
-835 5
-834 3
-833 2
-832 2
-831 1
-830 5
-829 1
-828 4
-827 3
-825 3
-824 1
-823 1
-822 2
-821 1
-820 2
-819 1
-818 4
-817 4
-816 2
-814 1
-813 1
-812 3
-811 5
-810 1
-809 3
-808 4
-807 2
-806 1
-805 3
-804 1
-803 1
-802 1
-801 4
-800 3
-799 2
-798 1
-797 4
-796 1
-795 2
-794 2
-793 5
-791 1
-790 3
-789 2
-788 1
-787 1
-786 2
-785 3
-784 2
-783 3
-782 1
-781 3
-780 2
-779 5
-778 1
-777 1
-776 2
-775 1
-774 1
-773 1
-772 1
-771 8
-769 3
-768 1
-767 1
-766 3
-765 1
-764 6
-763 4
-762 4
-761 1
-760 2
-759 2
-758 2
-757 2
-756 1
-754 2
-753 2
-751 1
-750 3
-749 2
-748 1
-747 3
-746 2
-745 2
-744 2
-743 1
-742 1
-741 2
-740 2
-739 1
-738 2
-737 1
-736 6
-735 3
-734 2
-733 1
-731 1
-730 3
-729 3
-727 2
-725 1
-724 3
-723 3
-722 5
-721 5
-719 1
-718 1
-717 1
-716 2
-715 2
-714 2
-711 1
-709 1
-708 3
-707 2
-705 3
-704 3
-703 2
-699 1
-697 1
-696 1
-695 3
-694 4
-693 4
-692 1
-691 2
-690 3
-689 3
-688 1
-687 3
-686 1
-685 2
-684 1
-683 2
-682 1
-681 3
-680 1
-678 3
-677 5
-676 2
-675 4
-674 4
-673 2
-672 1
-671 4
-670 3
-669 2
-668 4
-666 3
-665 3
-664 3
-663 1
-662 4
-661 2
-660 2
-659 2
-658 1
-657 1
-656 2
-655 3
-654 1
-653 1
-651 2
-650 3
-649 5
-648 2
-647 2
-646 3
-645 2
-644 1
-643 2
-641 1
-640 2
-639 1
-638 3
-637 1
-636 2
-635 4
-634 3
-633 4
-632 1
-631 3
-630 2
-629 1
-628 2
-627 2
-625 2
-624 2
-623 3
-622 2
-621 2
-620 3
-619 5
-618 1
-617 2
-616 1
-615 1
-614 2
-613 1
-612 3
-611 1
-610 2
-609 2
-608 2
-607 1
-606 2
-605 3
-604 3
-602 3
-601 2
-600 2
-599 3
-598 2
-597 1
-596 4
-595 4
-594 2
-592 2
-591 2
-589 3
-588 2
-587 1
-586 1
-584 1
-583 3
-582 5
-581 1
-580 2
-578 4
-577 1
-575 2
-574 1
-573 2
-572 3
-571 1
-570 4
-569 2
-568 3
-566 2
-565 4
-563 3
-562 1
-561 1
-560 1
-559 4
-557 3
-556 1
-555 1
-554 1
-553 2
-552 4
-550 2
-549 2
-548 3
-547 4
-546 2
-545 2
-544 2
-543 3
-542 3
-541 4
-540 3
-539 3
-538 1
-537 3
-536 2
-535 3
-534 2
-533 2
-532 2
-531 2
-530 8
-529 3
-528 3
-527 4
-526 1
-525 5
-524 3
-523 1
-521 4
-520 1
-519 2
-518 4
-517 2
-516 2
-515 2
-514 2
-513 2
-512 2
-511 2
-510 3
-509 1
-508 1
-507 1
-506 1
-505 2
-503 2
-501 2
-500 1
-499 3
-498 2
-497 4
-496 2
-495 5
-494 3
-493 3
-492 2
-490 3
-489 1
-488 1
-487 1
-486 3
-484 2
-483 1
-482 1
-481 2
-480 1
-479 4
-478 1
-477 3
-476 3
-475 3
-474 1
-473 2
-472 1
-471 2
-470 5
-469 4
-468 2
-467 2
-466 2
-465 2
-464 5
-463 3
-462 4
-461 3
-460 1
-459 2
-458 2
-457 1
-456 1
-455 1
-454 1
-453 3
-452 2
-451 1
-450 3
-449 3
-448 3
-447 4
-446 4
-445 3
-444 5
-442 1
-441 1
-440 3
-439 3
-438 2
-437 1
-436 1
-435 1
-434 3
-433 2
-432 1
-431 2
-430 2
-429 2
-428 1
-427 2
-426 1
-425 3
-424 2
-423 5
-422 1
-421 1
-420 4
-419 1
-417 1
-416 1
-414 2
-413 3
-412 1
-411 4
-410 1
-409 3
-406 3
-405 1
-404 1
-403 2
-402 1
-399 2
-397 4
-396 4
-395 2
-394 1
-393 2
-392 3
-391 2
-390 5
-389 3
-388 2
-387 2
-385 2
-383 2
-382 2
-381 1
-380 1
-379 3
-377 1
-376 1
-375 3
-374 2
-373 1
-372 3
-370 2
-369 4
-367 2
-366 4
-365 2
-364 3
-363 1
-362 1
-360 2
-359 2
-358 2
-357 3
-356 1
-355 1
-354 2
-353 3
-352 1
-351 1
-350 1
-349 4
-348 4
-347 1
-345 1
-344 4
-343 2
-342 2
-340 2
-338 4
-337 4
-336 3
-335 2
-334 7
-333 1
-332 2
-330 2
-329 1
-328 1
-326 1
-325 1
-324 1
-323 1
-321 2
-320 1
-318 2
-317 4
-315 1
-314 4
-313 1
-312 3
-311 2
-310 3
-309 1
-308 1
-307 2
-306 2
-304 1
-303 2
-301 3
-300 4
-299 1
-298 1
-297 3
-296 2
-295 1
-294 2
-293 2
-292 1
-290 3
-289 1
-288 1
-287 1
-286 1
-285 2
-284 4
-283 1
-282 2
-281 2
-280 1
-279 3
-278 5
-277 1
-276 3
-275 4
-274 1
-273 2
-272 2
-271 1
-270 3
-269 4
-268 5
-267 2
-265 1
-264 1
-263 1
-262 1
-261 1
-260 2
-256 3
-255 2
-254 1
-253 4
-252 1
-251 3
-250 1
-249 2
-247 3
-246 2
-245 1
-243 1
-242 2
-241 2
-240 2
-239 1
-238 1
-237 1
-236 3
-235 2
-234 1
-233 2
-232 1
-231 2
-230 3
-229 1
-228 2
-227 1
-226 3
-224 1
-223 1
-222 3
-221 3
-219 2
-218 2
-217 3
-216 1
-215 3
-214 2
-213 2
-212 4
-211 2
-210 2
-208 3
-207 1
-206 2
-205 3
-204 3
-203 1
-202 1
-200 3
-199 3
-198 2
-197 2
-196 1
-194 5
-192 3
-191 7
-190 4
-188 3
-187 1
-186 2
-185 1
-184 2
-183 2
-182 4
-181 2
-180 2
-178 3
-177 4
-176 3
-175 2
-172 2
-171 3
-170 3
-169 3
-168 3
-166 1
-165 2
-164 4
-163 1
-162 2
-160 4
-159 3
-158 1
-157 3
-156 3
-155 4
-154 1
-153 2
-151 2
-150 2
-149 4
-148 2
-147 4
-143 1
-142 3
-141 1
-140 1
-138 2
-137 3
-136 3
-135 3
-134 5
-132 2
-131 1
-130 3
-129 1
-127 1
-126 2
-125 1
-123 2
-122 2
-121 3
-120 2
-119 3
-118 1
-116 2
-115 2
-114 1
-113 1
-112 2
-111 1
-110 3
-109 4
-106 1
-105 3
-104 3
-103 2
-102 2
-101 1
-100 4
-99 2
-97 2
-96 1
-95 2
-94 3
-93 1
-92 1
-91 1
-90 1
-89 1
-88 2
-87 3
-86 1
-85 3
-84 1
-83 1
-82 2
-81 3
-80 1
-78 2
-77 3
-76 2
-74 3
-73 1
-72 3
-71 1
-70 3
-68 1
-67 2
-66 1
-65 1
-63 2
-61 2
-60 1
-59 1
-58 1
-57 1
-56 2
-53 1
-52 1
-51 2
-50 4
-49 2
-48 4
-47 1
-46 1
-45 1
-43 2
-42 3
-41 2
-40 1
-39 3
-38 3
-35 2
-34 3
-33 2
-32 2
-31 1
-30 1
-28 1
-26 1
-25 1
-23 2
-22 2
-21 1
-19 1
-18 3
-17 2
-15 3
-14 2
-13 4
-12 1
-11 2
-10 2
-8 1
-7 1
-6 5
-5 2
-4 3
-2 2
-1 3
0 1
1 1
2 8
3 7
4 3
5 2
6 4
7 5
8 1
10 5
11 1
12 3
13 1
14 1
15 1
16 1
17 1
18 2
19 2
20 1
23 1
26 1
27 1
39 1
47 1
55 1
59 1
60 1
61 1
64 1
71 1
96 1
98 1
118 1
181 1
243 1
469 1
1351 1
