-360 1
-359 1
-356 3
-355 1
-354 2
-350 1
-347 1
-345 1
-343 3
-342 2
-341 3
-340 3
-339 3
-338 1
-336 3
-335 1
-334 3
-333 3
-332 4
-331 6
-330 1
-329 1
-328 3
-327 3
-325 2
-324 3
-323 1
-322 4
-321 2
-320 1
-319 1
-318 1
-317 4
-316 4
-315 3
-314 5
-313 4
-312 1
-311 2
-310 3
-309 4
-308 2
-307 3
-306 1
-305 2
-304 5
-303 4
-302 4
-301 3
-300 4
-299 2
-298 5
-297 2
-296 7
-295 6
-294 3
-293 7
-292 3
-291 2
-290 4
-289 8
-288 3
-286 4
-285 3
-284 2
-283 2
-282 6
-281 3
-280 3
-278 5
-277 3
-276 4
-275 3
-274 3
-273 4
-272 2
-271 1
-270 7
-269 5
-268 10
-267 9
-266 5
-265 7
-264 13
-263 10
-262 9
-261 6
-260 11
-259 9
-258 12
-257 8
-256 8
-255 7
-254 6
-253 7
-252 8
-251 5
-250 2
-249 6
-248 9
-247 11
-246 6
-245 5
-244 5
-243 8
-242 9
-241 3
-240 8
-239 4
-238 5
-237 4
-236 14
-235 11
-234 8
-233 11
-232 2
-231 6
-230 6
-229 10
-228 6
-227 3
-226 2
-225 15
-224 12
-223 4
-222 9
-221 10
-220 8
-219 8
-218 11
-217 11
-216 10
-215 8
-214 9
-213 9
-212 17
-211 12
-210 11
-209 9
-208 8
-207 10
-206 6
-205 8
-204 12
-203 5
-202 7
-201 6
-200 9
-199 6
-198 7
-197 10
-196 6
-195 8
-194 10
-193 8
-192 9
-191 12
-190 4
-189 8
-188 13
-187 10
-186 6
-185 7
-184 10
-183 7
-182 7
-181 6
-180 10
-179 15
-178 8
-177 9
-176 16
-175 6
-174 10
-173 11
-172 10
-171 10
-170 3
-169 12
-168 8
-167 11
-166 13
-165 9
-164 7
-163 8
-162 6
-161 8
-160 8
-159 13
-158 9
-157 15
-156 11
-155 8
-154 10
-153 11
-152 12
-151 16
-150 5
-149 7
-148 5
-147 13
-146 12
-145 11
-144 9
-143 8
-142 7
-141 14
-140 8
-139 7
-138 12
-137 8
-136 6
-135 13
-134 20
-133 17
-132 10
-131 8
-130 11
-129 8
-128 19
-127 8
-126 19
-125 9
-124 11
-123 21
-122 13
-121 14
-120 8
-119 12
-118 7
-117 12
-116 16
-115 10
-114 12
-113 12
-112 10
-111 4
-110 12
-109 15
-108 10
-107 13
-106 4
-105 16
-104 7
-103 6
-102 8
-101 17
-100 10
-99 17
-98 18
-97 13
-96 29
-95 13
-94 18
-93 16
-92 16
-91 12
-90 19
-89 17
-88 10
-87 15
-86 18
-85 9
-84 15
-83 9
-82 9
-81 16
-80 15
-79 10
-78 17
-77 22
-76 9
-75 18
-74 13
-73 12
-72 9
-71 14
-70 9
-69 12
-68 23
-67 18
-66 23
-65 26
-64 23
-63 27
-62 32
-61 29
-60 32
-59 34
-58 16
-57 21
-56 24
-55 20
-54 24
-53 19
-52 6
-51 13
-50 16
-49 10
-48 19
-47 15
-46 15
-45 15
-44 25
-43 18
-42 14
-41 15
-40 18
-39 22
-38 30
-37 33
-36 26
-35 42
-34 54
-33 65
-32 102
-31 105
-30 98
-29 82
-28 62
-27 49
-26 25
-25 28
-24 26
-23 21
-22 24
-21 20
-20 18
-19 25
-18 26
-17 23
-16 26
-15 25
-14 29
-13 25
-12 23
-11 35
-10 26
-9 28
-8 34
-7 39
-6 43
-5 54
-4 77
-3 110
-2 179
-1 276
0 260
1 203
2 122
3 100
4 59
5 38
6 44
7 28
8 32
9 33
10 25
11 32
12 23
13 29
14 18
15 25
16 17
17 20
18 19
19 28
20 28
21 30
22 27
23 21
24 27
25 31
26 33
27 37
28 72
29 72
30 75
31 83
32 68
33 39
34 32
35 26
36 26
37 17
38 22
39 15
40 17
41 18
42 15
43 15
44 18
45 16
46 8
47 10
48 10
49 22
50 15
51 14
52 11
53 8
54 20
55 12
56 20
57 21
58 24
59 25
60 26
61 35
62 21
63 32
64 15
65 20
66 8
67 11
68 14
69 11
70 14
71 11
72 14
73 10
74 14
75 19
76 16
77 14
78 10
79 17
80 9
81 14
82 17
83 8
84 14
85 12
86 14
87 11
88 7
89 12
90 15
91 17
92 13
93 14
94 9
95 12
96 9
97 14
98 14
99 13
100 13
101 13
102 10
103 5
104 6
105 14
106 7
107 4
108 5
109 6
110 11
111 11
112 7
113 12
114 5
115 6
116 9
117 14
118 4
119 9
120 10
121 9
122 12
123 10
124 8
125 13
126 5
127 5
128 4
129 6
130 8
131 13
132 12
133 12
134 10
135 8
136 13
137 4
138 5
139 4
140 12
141 4
142 2
143 7
144 7
145 6
146 4
147 8
148 10
149 8
150 4
151 8
152 2
153 7
154 5
155 6
156 10
157 3
158 11
159 5
160 11
161 5
162 6
163 6
164 7
165 7
166 7
167 6
168 8
169 10
170 4
171 10
172 3
173 6
174 3
175 8
176 8
177 5
178 4
179 5
180 6
181 6
182 5
183 6
184 7
185 10
186 8
187 3
188 7
189 9
190 7
191 1
192 6
193 3
194 5
195 4
196 6
197 6
198 7
199 3
200 7
201 5
202 9
203 6
204 7
205 3
206 4
207 6
208 5
209 5
210 9
211 11
212 8
213 5
214 6
215 10
216 7
217 5
218 6
219 4
220 2
221 4
222 2
223 5
224 8
225 4
226 7
227 4
228 3
229 2
230 6
231 4
232 6
233 1
234 5
235 2
236 3
237 6
238 2
239 4
240 3
241 7
242 4
243 4
244 4
245 6
246 3
247 3
248 5
249 5
250 8
251 4
252 3
253 2
254 3
256 2
257 2
258 4
259 4
260 4
261 1
262 2
263 3
264 2
265 2
266 4
268 2
269 9
270 5
271 2
272 6
273 5
274 5
275 3
276 5
278 4
279 6
280 1
281 2
282 5
283 1
284 4
285 1
286 6
287 2
288 7
289 1
290 2
291 1
292 3
293 4
294 4
295 7
296 3
297 3
298 3
299 2
300 5
301 4
302 4
303 3
304 4
305 1
306 1
307 2
308 2
309 2
310 1
311 1
312 2
313 2
314 3
315 2
316 1
317 2
318 3
319 3
320 2
321 2
322 2
323 3
324 2
325 2
326 2
327 3
328 1
329 1
330 4
331 2
333 1
334 3
335 1
336 1
337 3
338 3
339 3
340 2
341 4
342 1
343 2
344 5
345 1
347 2
350 3
354 1
355 1
356 1
357 1
358 1
359 1
