-361 1
-353 2
-349 2
-348 1
-347 1
-346 3
-345 1
-344 1
-343 3
-342 1
-341 4
-340 1
-339 2
-337 1
-334 1
-333 1
-332 1
-330 1
-329 2
-328 2
-326 9
-325 7
-324 4
-322 4
-321 1
-320 3
-319 2
-318 4
-317 1
-316 2
-315 3
-314 4
-313 6
-312 6
-311 11
-310 4
-309 4
-308 4
-307 6
-306 3
-305 1
-304 8
-303 6
-302 4
-301 5
-300 7
-299 7
-298 15
-297 13
-296 5
-295 16
-294 6
-293 7
-292 5
-291 7
-290 9
-289 9
-288 11
-287 7
-286 9
-285 7
-284 8
-283 4
-282 5
-281 4
-280 6
-279 7
-278 5
-277 5
-276 4
-275 8
-274 7
-273 3
-272 9
-271 7
-270 3
-269 4
-268 11
-267 12
-266 11
-265 14
-264 12
-263 11
-262 8
-261 15
-260 17
-259 5
-258 7
-257 9
-256 5
-255 9
-254 3
-253 6
-252 6
-251 11
-250 9
-249 8
-248 16
-247 10
-246 15
-245 16
-244 10
-243 7
-242 6
-241 6
-240 12
-239 12
-238 13
-237 10
-236 14
-235 9
-234 5
-233 12
-232 8
-231 8
-230 6
-229 8
-228 5
-227 12
-226 5
-225 6
-224 9
-223 9
-222 17
-221 6
-220 13
-219 11
-218 8
-217 12
-216 12
-215 8
-214 10
-213 8
-212 8
-211 4
-210 2
-209 9
-208 10
-207 12
-206 8
-205 7
-204 15
-203 10
-202 6
-201 11
-200 9
-199 10
-198 20
-197 11
-196 13
-195 16
-194 10
-193 14
-192 9
-191 20
-190 16
-189 8
-188 7
-187 9
-186 13
-185 26
-184 8
-183 12
-182 13
-181 10
-180 7
-179 11
-178 7
-177 11
-176 9
-175 11
-174 16
-173 6
-172 9
-171 9
-170 9
-169 12
-168 13
-167 16
-166 25
-165 17
-164 16
-163 14
-162 13
-161 15
-160 16
-159 8
-158 13
-157 13
-156 19
-155 10
-154 10
-153 13
-152 18
-151 17
-150 21
-149 9
-148 5
-147 10
-146 11
-145 18
-144 14
-143 13
-142 13
-141 14
-140 15
-139 8
-138 14
-137 28
-136 21
-135 12
-134 17
-133 21
-132 11
-131 17
-130 12
-129 25
-128 15
-127 25
-126 18
-125 10
-124 18
-123 16
-122 16
-121 20
-120 17
-119 11
-118 29
-117 15
-116 25
-115 7
-114 15
-113 17
-112 20
-111 18
-110 10
-109 25
-108 20
-107 17
-106 16
-105 16
-104 13
-103 18
-102 25
-101 14
-100 16
-99 18
-98 10
-97 13
-96 23
-95 18
-94 23
-93 17
-92 22
-91 21
-90 35
-89 22
-88 18
-87 27
-86 24
-85 15
-84 23
-83 16
-82 15
-81 25
-80 11
-79 10
-78 17
-77 13
-76 16
-75 22
-74 12
-73 17
-72 13
-71 10
-70 21
-69 19
-68 18
-67 21
-66 15
-65 19
-64 15
-63 24
-62 17
-61 30
-60 18
-59 23
-58 24
-57 24
-56 23
-55 19
-54 27
-53 28
-52 28
-51 26
-50 20
-49 21
-48 22
-47 22
-46 11
-45 17
-44 18
-43 25
-42 18
-41 25
-40 20
-39 24
-38 18
-37 22
-36 25
-35 31
-34 34
-33 29
-32 24
-31 37
-30 31
-29 22
-28 36
-27 24
-26 26
-25 22
-24 24
-23 30
-22 25
-21 19
-20 18
-19 22
-18 25
-17 30
-16 24
-15 39
-14 30
-13 24
-12 20
-11 28
-10 20
-9 27
-8 18
-7 20
-6 25
-5 18
-4 34
-3 23
-2 28
-1 24
0 32
1 13
2 29
3 36
4 26
5 17
6 32
7 32
8 25
9 25
10 16
11 19
12 18
13 30
14 21
15 33
16 20
17 26
18 18
19 25
20 24
21 23
22 19
23 23
24 24
25 20
26 24
27 19
28 15
29 20
30 19
31 26
32 21
33 13
34 17
35 17
36 22
37 14
38 24
39 32
40 28
41 25
42 16
43 25
44 23
45 27
46 17
47 19
48 15
49 16
50 17
51 15
52 18
53 11
54 25
55 24
56 31
57 21
58 20
59 23
60 18
61 18
62 23
63 20
64 11
65 20
66 23
67 25
68 16
69 25
70 18
71 15
72 17
73 24
74 11
75 10
76 10
77 12
78 12
79 17
80 21
81 22
82 15
83 22
84 23
85 38
86 13
87 10
88 11
89 21
90 20
91 19
92 17
93 16
94 19
95 8
96 14
97 13
98 20
99 16
100 12
101 12
102 17
103 13
104 17
105 19
106 7
107 13
108 14
109 5
110 8
111 11
112 12
113 16
114 8
115 14
116 13
117 10
118 10
119 11
120 15
121 13
122 16
123 22
124 14
125 13
126 17
127 20
128 22
129 19
130 22
131 23
132 11
133 18
134 18
135 11
136 10
137 27
138 17
139 18
140 15
141 22
142 22
143 17
144 11
145 6
146 20
147 12
148 19
149 20
150 10
151 14
152 16
153 18
154 16
155 21
156 13
157 10
158 14
159 13
160 14
161 11
162 7
163 9
164 5
165 7
166 8
167 12
168 22
169 6
170 19
171 12
172 12
173 10
174 12
175 12
176 17
177 17
178 13
179 15
180 10
181 12
182 19
183 11
184 7
185 9
186 11
187 21
188 15
189 11
190 5
191 15
192 13
193 10
194 15
195 16
196 11
197 18
198 13
199 17
200 10
201 12
202 19
203 7
204 16
205 12
206 12
207 7
208 14
209 13
210 8
211 9
212 4
213 5
214 8
215 6
216 15
217 14
218 3
219 6
220 11
221 6
222 9
223 5
224 4
225 3
226 7
227 4
228 9
229 7
230 6
231 8
232 8
233 8
234 10
235 6
236 7
237 7
238 13
239 14
240 10
241 11
242 16
243 13
244 10
245 5
246 9
247 18
248 4
249 7
250 5
251 11
252 11
253 7
254 4
255 6
256 3
257 3
258 8
259 2
260 6
261 3
262 9
263 3
264 3
265 5
266 4
267 10
268 4
269 6
270 5
271 5
272 5
273 4
274 5
275 12
276 10
277 7
278 4
279 2
280 8
281 7
282 6
283 4
284 2
286 7
287 7
288 10
289 3
290 4
291 1
292 5
293 5
294 5
295 2
296 4
297 1
299 5
300 6
301 8
302 4
303 5
304 3
305 4
306 12
307 6
308 8
309 3
310 13
311 4
312 5
313 2
314 4
315 3
316 3
317 6
318 2
319 4
320 2
321 2
322 6
323 5
324 4
325 2
326 2
327 2
330 2
331 1
332 5
333 1
334 3
335 2
337 1
338 1
341 2
342 2
343 1
344 1
345 1
348 1
349 1
354 1
